lastAccountName: Ellis_Fahregart
timestamps:
  login: 1488802459776
  logout: 1488802840291
  lastteleport: 1488549560093
ipAddress: 1.34.4.93
logoutlocation:
  world: build_world
  x: 69.3415334720095
  y: 65.0
  z: 277.8051025700208
  yaw: 178.64793
  pitch: 12.749971
nickname: Ellis_Fahregart
lastlocation:
  world: lobby
  x: 1270.4583031082725
  y: 29.949828488217086
  z: 679.1253333190566
  yaw: 39.297424
  pitch: 10.499979
money: '30.0'
afk: false
