lastAccountName: xXItzFuiWenXx
timestamps:
  login: 1487940816731
  lastteleport: 1487940872803
  logout: 1487940915787
ipAddress: 42.98.253.240
lastlocation:
  world: survival_world
  x: 280.5
  y: 88.0
  z: 122.5
  yaw: -68.66916
  pitch: 46.294662
money: '12.58'
logoutlocation:
  world: survival_world
  x: 224.57879160969318
  y: 12.0
  z: 176.30000001192093
  yaw: -253.92255
  pitch: 9.458453
