lastAccountName: axcr89674
timestamps:
  login: 1488805703483
  logout: 1488808004029
  lastteleport: 1488806329623
ipAddress: 59.115.89.228
lastlocation:
  world: survival_lobby
  x: -9.857639482659733
  y: 144.5
  z: 32.303357549675056
  yaw: 63.300903
  pitch: 6.8999934
logoutlocation:
  world: build_world
  x: 71.75599897532774
  y: 76.0
  z: 302.2257912218259
  yaw: 144.35352
  pitch: 23.550013
afk: false
money: '-4998.72'
godmode: false
