lastAccountName: HaxXrayonXPro
timestamps:
  login: 1487856896391
  lastteleport: 1487857834947
  logout: 1487858097167
ipAddress: 114.45.66.207
lastlocation:
  world: survival_world
  x: 241.1512575231536
  y: 52.0
  z: 140.8994048404396
  yaw: 196.94904
  pitch: 15.900018
money: '29.13'
logoutlocation:
  world: survival_world
  x: 282.8762422306549
  y: 11.0
  z: 185.2173982409858
  yaw: 226.65454
  pitch: 23.85001
