lastAccountName: Neroilotsowo
timestamps:
  login: 1488891695455
  logout: 1488895602428
  lastteleport: 1488894382973
ipAddress: 114.25.176.4
lastlocation:
  world: survival_lobby
  x: 2.8959819843556254
  y: 131.0
  z: 16.199094198808606
  yaw: 68.40047
  pitch: 22.200066
money: '-500.0'
logoutlocation:
  world: survival_lobby
  x: -6.187426940475074
  y: 141.0625
  z: 28.29152040997449
  yaw: -196.34839
  pitch: 6.15001
