lastAccountName: snowflake0421
timestamps:
  login: 1488459327927
  logout: 1488463061044
  lastteleport: 1488459361142
ipAddress: 61.231.25.152
lastlocation:
  world: lobby
  x: 1153.8312738775123
  y: 4.0
  z: 716.4315931708326
  yaw: 271.80002
  pitch: -2.2500203
logoutlocation:
  world: build_world
  x: 66.69999998807904
  y: 65.0
  z: 255.30000001192093
  yaw: 211.13086
  pitch: 30.750004
money: '0.0'
afk: false
